{
 "cells": [
  {
   "cell_type": "markdown",
   "metadata": {},
   "source": [
    "<p><img src=\"imagenes/letragrama-rgb-150.jpg\" width=\"380\" align=\"left\"><img src=\"imagenes/logoLCCazul.jpg\" width=\"170\" align=\"right\"></p>"
   ]
  },
  {
   "cell_type": "markdown",
   "metadata": {},
   "source": [
    "# [Curso de Redes Neuronales](https://curso-redes-neuronales-unison.github.io/Temario/)\n",
    "\n",
    "# Red neuronal convolucional simple con tensorflow\n",
    "\n",
    "[**Julio Waissman Vilanova**](http://mat.uson.mx/~juliowaissman/), 18 de septiembre de 2017.\n",
    "\n",
    "En esta libreta intento explicar de forma simple como funciona el método sencillo de red neuronal convolucional usando *Tensorflow*. La explicación de la red convolucional ya está dada y en esta libreta solamente se explican los pasos necesarios para implementar una red convolucional simple explicando cada uno de sus pasos. Es básicamente una traducción, y puesta en forma de libreta del tutorial que viene en la página de *Tensorflow* y que se puede consultar [aquí](https://www.tensorflow.org/tutorials/layers).\n",
    "\n",
    "\n",
    "Las redes convolucionales (CNN) son actualmente la arquitectura que mejores resultados he dado en problemas de reconocimiento de objetos en imágenes. La idea generar es aplicar una serie de filtros a la imagen original para extraer (por medio de aprendizaje) características de alto nivel, las cuales puedan ser útiles para el proceso de clasificacion de objetos en imágenes. Las CNN están conformadas típicamente por:\n",
    "\n",
    "1. **Unidades convolucionales**. Las unidades convolucionales aplican filtros a la imágen y la convierten en un conjunto de imágenes tratadas a dimensión reducida, poniendo el acento en diferentes características. Estas unidades se componen a su vez de dos capas:\n",
    "\n",
    "    1. **Capa convolucional**. La capa convolucional es uno o varios filtros los cuales se aplican a cada subregión al rededor de cada pixel con el fin de obtener una imagen tratada. Típicamente un filtro convolucional es un filtro lineal al cual al final se le aplica una no linearidad (típicamente una ReLU). Un factor importante del filtro es que los valores de la ventana del filtro se mantienen fijos a lo largo de toda la imagen (esto es, comparten *pesos* entre las diferentes subregiones).\n",
    "    \n",
    "    2. **Una capa de *pooling* **. La capa de pooling ayuda a reducir el muestreo de las imágenes generadas por los filtros, y reducir la dimensionalidad. Se basa en la idea que las salidas de los filtros se deben de parecer localmente y solo interesa un valor, el más significativo. El método de *pooling* más comúnes el máximo.\n",
    "    \n",
    "2. **Capas densas**. Estas se aplican después de una o varias capas convolucionales y son capas tipo *feedforward* donde todas las neuronas se conectn con todas. Es básicamente la etapa de clasificación, mientras que la anterior era la etápa de preprocesamiento de la imágen.\n",
    "\n",
    "Por último, y en problemas de clasificación, la salida es una unidad *softmax* que permita discriminar entre diferentes tipos de salida posibles.\n",
    "\n",
    "\n",
    "\n",
    "\n"
   ]
  },
  {
   "cell_type": "code",
   "execution_count": 2,
   "metadata": {},
   "outputs": [],
   "source": [
    "import numpy as np\n",
    "import tensorflow as tf\n"
   ]
  },
  {
   "cell_type": "markdown",
   "metadata": {},
   "source": [
    "La CNN que vamos a desarrollar (que es la arquitectura usada por LeNet) para clasificar el famosisimo y ya cansino conjunto de datos MNIST tiene la siguiente arquitectura:\n",
    "\n",
    "1. Una unidad convolucional que contiene:\n",
    "    1. 32 filtros de 5$\\times$5 (en pixeles al rededor del pixel a filtrar), con activación ReLU.\n",
    "    2. Una capa de *pooling* usando el máximo de una ventana de 2$\\times$2 sin translape, por cada imágen generada.\n",
    "2. Otra unidad convolucional que contiene:\n",
    "    1. 64 filtros de 5$\\times$5 con activación ReLU.\n",
    "    2. Una capa de *pooling* usando el máximo de una ventana de 2$\\times$2 sin translape, por cada imágen generada.\n",
    "3. Una capa de neuronas tipo *feedforward* con 1,024 neuronas con activación ReLU.\n",
    "4. Una capa de salida de 10 neuronas que compone una unidad *Softmax*.\n",
    "\n",
    "Con el fin de mejorar la generalización, a la capa 3 (la capa oculta en *feedforward* se le aplica (en el aprendizaje) el método de *dropout* con una tasa de 0.4 (esto es, cualquier neurona puede ser retirada en forma aleatoria durante el aprendizaje con una probabilidad de 0.4).\n",
    "\n",
    "Vamos a armar este modelo con el uso de las facilidades que da `tf.layers`, que nos permiten hacer una capa de una CNN en una sola linea. Rápido, bonito y efectivo. Vamos a ver como se diseña la arquitectura de la CNN descrita:"
   ]
  },
  {
   "cell_type": "code",
   "execution_count": 19,
   "metadata": {
    "collapsed": true
   },
   "outputs": [],
   "source": [
    "def modelo_cnn_mnist(features, labels, mode):\n",
    "    \"\"\"\n",
    "    Modelo de la CNN descrita arriba\n",
    "    \"\"\"\n",
    "    \n",
    "    # Capa de entrada: \n",
    "    # Convierte un vector de datos en un tensor [batch, ancho, alto, canales]\n",
    "    # Donde canales son las capas de la imagen (por ejemplo RGB)\n",
    "    # En este caso las imagenes son en BW (un solo canal)\n",
    "    # y de 24 x 24 pixeles.\n",
    "    # \n",
    "    # batch = -1 significa que lo calcula al vuelo para completar.\n",
    "    capa_entrada = tf.reshape(features[\"x\"], [-1, 28, 28, 1])\n",
    "\n",
    "    # 1ra capa convolucional\n",
    "    # 32 filtros de 5x5 y salida ReLU\n",
    "    # padding puede ser \"same\", lo que implica que calcula el filtro\n",
    "    # inclusive para las orillas, si padding=valid entonces no calcula \n",
    "    # el filtro en las orillas, completando con 0s.\n",
    "    # \n",
    "    # En este caso si la entrada a la capa es de dimensión [-1, 28, 28, 1]\n",
    "    # la salida de la capa es [-1, 28, 28, 32]\n",
    "    conv1 = tf.layers.conv2d(\n",
    "        inputs=capa_entrada,\n",
    "        filters=32,\n",
    "        kernel_size=[5, 5],\n",
    "        padding=\"same\",\n",
    "        activation=tf.nn.relu)\n",
    "\n",
    "    # 1ra capa max pool, sin translape (strides = poolsize[0] = poolsize[1])\n",
    "    # Si la entrada a la capa era de dimensiones [-1, 28, 28, 32]\n",
    "    # la salida es [-1, 14, 14, 32]\n",
    "    pool1 = tf.layers.max_pooling2d(inputs=conv1, pool_size=[2, 2], strides=2)\n",
    "\n",
    "    # 2da capa convolucional\n",
    "    # 64 filtros de 5x5 y salida ReLU\n",
    "    # Si la entrada a la capa es de la forma [-1, 14, 14, 32]\n",
    "    # La salida es de la forma [-1, 14, 14, 64]\n",
    "    conv2 = tf.layers.conv2d(\n",
    "        inputs=pool1,\n",
    "        filters=64,\n",
    "        kernel_size=[5, 5],\n",
    "        padding=\"same\",\n",
    "        activation=tf.nn.relu)\n",
    "\n",
    "    # 2da capa max pool, sin translape (strides = poolsize[0] = poolsize[1])\n",
    "    # Si la entrada a la capa era de dimensiones [-1, 14, 14, 64]\n",
    "    # la salida es [-1, 7, 7, 64]\n",
    "    pool2 = tf.layers.max_pooling2d(inputs=conv2, pool_size=[2, 2], strides=2)\n",
    "\n",
    "\n",
    "    # Capa densamente conectada con 1024 unidades linealmente rectificadas\n",
    "    pool2_estirado = tf.reshape(pool2, [-1, 7 * 7 * 64])\n",
    "    capa_densa = tf.layers.dense(inputs=pool2_estirado, units=1024, activation=tf.nn.relu)\n",
    "\n",
    "    # Agregamos el dropout aqui (esto ya empieza a ser bizarro)\n",
    "    # En los modelos se pone la arquitectura, la forma de aprendizaje y estimación,\n",
    "    # así que si requerimos dropout en una capa hay que ponerlo aqui en forma explicita.\n",
    "    #\n",
    "    # Notese que decimos que solo si estamos en modo entrenamiento es que aplicamos el dropout\n",
    "    dropout = tf.layers.dropout(\n",
    "        inputs=capa_densa, \n",
    "        rate=0.4, \n",
    "        training=mode == tf.estimator.ModeKeys.TRAIN)\n",
    "\n",
    "    # Capa de salida\n",
    "    # Dimensión de la entrada: [-1, 1024]\n",
    "    # y la salida es de [-1, 10]\n",
    "    logits = tf.layers.dense(inputs=dropout, units=10)\n",
    "\n",
    "    \n",
    "    # Listo! Ya esta la arquitectura general, ahora hay que definir claramente las cosas \n",
    "    # para los diferentes modos de operación (así funcionan los modelos que se usan preentrenados)\n",
    "    # Los modos de operación son 3: PREDICT, TRAIN, EVAL.\n",
    "\n",
    "    predicciones = {\n",
    "        # Realiza la predicción (para los modos preestablecidos PREDICT y EVAL)\n",
    "        # En este caso nos interesa la clase retenida y la probabilidad de cada una\n",
    "        \"clases\": tf.argmax(input=logits, axis=1),\n",
    "        \"probabilidades\": tf.nn.softmax(logits, name=\"softmax_tensor\")\n",
    "    }\n",
    "\n",
    "    # Y para la predicción tenemos lo necesario\n",
    "    if mode == tf.estimator.ModeKeys.PREDICT:\n",
    "        return tf.estimator.EstimatorSpec(mode=mode, \n",
    "                                          predictions=predicciones)\n",
    "\n",
    "    # Calcula la función de pérdida (para los modos TRAIN y EVAL)\n",
    "    onehot_labels = tf.one_hot(indices=tf.cast(labels, tf.int32), depth=10)\n",
    "\n",
    "    loss = tf.losses.softmax_cross_entropy(\n",
    "        onehot_labels=onehot_labels, \n",
    "        logits=logits)\n",
    "\n",
    "    # Completa lo necesario para el modo TRAIN (método de optimización)\n",
    "    if mode == tf.estimator.ModeKeys.TRAIN:\n",
    "        optimizador = tf.train.GradientDescentOptimizer(learning_rate=0.001)\n",
    "\n",
    "        entrenamiento = optimizador.minimize(loss=loss, \n",
    "                                             global_step=tf.train.get_global_step())\n",
    "\n",
    "        return tf.estimator.EstimatorSpec(mode=mode, \n",
    "                                          loss=loss, \n",
    "                                          train_op=entrenamiento)\n",
    "\n",
    "    # Acaba con las operaciones del modo EVAL\n",
    "    evaluacion = {\n",
    "        \"accuracy\": tf.metrics.accuracy(labels=labels, \n",
    "                                        predictions=predicciones[\"clases\"])}\n",
    "    return tf.estimator.EstimatorSpec(mode=mode, \n",
    "                                      loss=loss, \n",
    "                                      eval_metric_ops=evaluacion)\n"
   ]
  },
  {
   "cell_type": "markdown",
   "metadata": {},
   "source": [
    "Como podemos ver, acabamos de definir un modelo completo como función, el cual debe de llevar **con esos mismos nombres**, las entradas *features*, *labels*, *mode* (si las traducen al español, se enclocha).\n",
    "\n",
    "El modelo debe de incluir lo siguiente:\n",
    "\n",
    "1. La arquitectura bien definida desde las entradas a las salidas, los tipos de capas, número de neuronas y form de procesar.\n",
    "\n",
    "2. El método de evaluación utilizando salida *softmax* y asumiendo que la clase mas probable es la clase seleccionada.\n",
    "\n",
    "3. El método de aprendizaje (descenso de gradiente con tasa de aprendizaje de 0.001). \n",
    "\n",
    "4. El método de medición de error (o perdida) utilizando la entropía.\n",
    "\n",
    "5. La función de evaluación, basada en la exactitud (una de las pruebas más básicas posibles).\n",
    "\n",
    "Las operaciones necesarias para el modo PREDICT son 1 y 2, mientras que las operaciones necesarias para el modo TRAIN son 1, 3 y 4, y para el modo TEST se requieren 1, 2 y 5. Con el fin de ahorrar en tiempo de computo, solamente se asignan las operaciones que importan para cada modo.\n",
    "\n",
    "Vamos a aplicar para aprendizaje y reconocimiento, en el conjunto de base de pruebas que empieza a aburrirnos."
   ]
  },
  {
   "cell_type": "code",
   "execution_count": 5,
   "metadata": {},
   "outputs": [
    {
     "name": "stdout",
     "output_type": "stream",
     "text": [
      "Extracting MNIST-data/train-images-idx3-ubyte.gz\n",
      "Extracting MNIST-data/train-labels-idx1-ubyte.gz\n",
      "Extracting MNIST-data/t10k-images-idx3-ubyte.gz\n",
      "Extracting MNIST-data/t10k-labels-idx1-ubyte.gz\n"
     ]
    }
   ],
   "source": [
    "mnist = tf.contrib.learn.datasets.load_dataset(\"mnist\")\n",
    "\n",
    "datos_entrenamiento = mnist.train.images  \n",
    "salidas_entrenamiento = np.asarray(mnist.train.labels, dtype=np.int32)\n",
    "\n",
    "datos_prueba = mnist.test.images  # Returns np.array\n",
    "salidas_prueba = np.asarray(mnist.test.labels, dtype=np.int32)\n"
   ]
  },
  {
   "cell_type": "markdown",
   "metadata": {},
   "source": [
    "Así es, tenemos la horrorosa base de datos de MNIST, a la cual le vamos a aplicar nuestro modelo"
   ]
  },
  {
   "cell_type": "code",
   "execution_count": 20,
   "metadata": {},
   "outputs": [
    {
     "name": "stdout",
     "output_type": "stream",
     "text": [
      "INFO:tensorflow:Using default config.\n",
      "INFO:tensorflow:Using config: {'_model_dir': './cnn_log', '_tf_random_seed': None, '_save_summary_steps': 100, '_save_checkpoints_steps': None, '_save_checkpoints_secs': 600, '_session_config': None, '_keep_checkpoint_max': 5, '_keep_checkpoint_every_n_hours': 10000, '_log_step_count_steps': 100, '_service': None, '_cluster_spec': <tensorflow.python.training.server_lib.ClusterSpec object at 0x10e304b00>, '_task_type': 'worker', '_task_id': 0, '_master': '', '_is_chief': True, '_num_ps_replicas': 0, '_num_worker_replicas': 1}\n"
     ]
    }
   ],
   "source": [
    "# El modelo que vamos a utilizar y la dirección para guardar el log\n",
    "clasificador = tf.estimator.Estimator(\n",
    "    model_fn=modelo_cnn_mnist, \n",
    "    model_dir=\"./cnn_log\")\n"
   ]
  },
  {
   "cell_type": "markdown",
   "metadata": {},
   "source": [
    "Ahora vamos a entrenar, y para eso vamos a guardar en un registro (log) el proceso de aprendizaje, por lo que vamos a hacer un log descriptivo (*verbose*), así como definir cuales son las entradas con las que se va a aprender."
   ]
  },
  {
   "cell_type": "code",
   "execution_count": null,
   "metadata": {},
   "outputs": [
    {
     "name": "stdout",
     "output_type": "stream",
     "text": [
      "INFO:tensorflow:Create CheckpointSaverHook.\n",
      "INFO:tensorflow:Saving checkpoints for 1 into ./cnn_log/model.ckpt.\n",
      "INFO:tensorflow:probabilidades = [[ 0.11133114  0.08581503  0.09621219  0.08621742  0.11641644  0.10873345\n",
      "   0.09009366  0.10523161  0.08675645  0.11319266]\n",
      " [ 0.10252938  0.08090643  0.10061511  0.1095366   0.1083484   0.1005281\n",
      "   0.09419478  0.10421421  0.09122619  0.10790078]\n",
      " [ 0.10589279  0.09127827  0.10300677  0.1061144   0.11011366  0.09297773\n",
      "   0.09602422  0.10169266  0.09239821  0.10050125]\n",
      " [ 0.10550687  0.08103587  0.09296442  0.10341335  0.11127748  0.11091989\n",
      "   0.09968622  0.09886044  0.08874779  0.10758767]\n",
      " [ 0.1135271   0.08735693  0.09422971  0.09329078  0.0967794   0.10840993\n",
      "   0.100539    0.10139122  0.08972777  0.11474818]\n",
      " [ 0.11558938  0.09422062  0.0919746   0.09969151  0.11446428  0.09519377\n",
      "   0.09198196  0.10894182  0.0795667   0.10837536]\n",
      " [ 0.10396221  0.09087862  0.09179679  0.09487882  0.10295452  0.10002179\n",
      "   0.09358033  0.10041501  0.10543619  0.11607577]\n",
      " [ 0.10039227  0.08729593  0.10305714  0.098727    0.11939658  0.09182274\n",
      "   0.09021197  0.11457928  0.08809089  0.10642619]\n",
      " [ 0.11076125  0.07326811  0.09982017  0.09789122  0.11062995  0.11287457\n",
      "   0.0996063   0.09453155  0.09286746  0.10774944]\n",
      " [ 0.09966652  0.09722093  0.09887667  0.09953587  0.11097527  0.09335344\n",
      "   0.09616856  0.11126352  0.08511895  0.10782031]\n",
      " [ 0.10122067  0.0863172   0.09756886  0.11137918  0.10227492  0.09078775\n",
      "   0.09544268  0.09749696  0.09602056  0.1214912 ]\n",
      " [ 0.11427809  0.07663395  0.08738823  0.11975336  0.11191354  0.11929843\n",
      "   0.07844147  0.10080898  0.08074838  0.11073557]\n",
      " [ 0.11367048  0.09477321  0.10258547  0.09209596  0.11116342  0.10532138\n",
      "   0.0885663   0.10335966  0.08622275  0.10224143]\n",
      " [ 0.10184362  0.08178416  0.11367613  0.10973448  0.1016666   0.10676988\n",
      "   0.09700999  0.09971309  0.08753974  0.10026236]\n",
      " [ 0.1009824   0.08898171  0.10031991  0.10273481  0.10310161  0.10549299\n",
      "   0.09726307  0.09801546  0.09768839  0.10541969]\n",
      " [ 0.1072669   0.08186407  0.08713809  0.11857355  0.1081072   0.10161228\n",
      "   0.09132614  0.102479    0.09082155  0.11081123]\n",
      " [ 0.11427794  0.08466366  0.08149802  0.11096403  0.11057507  0.11612371\n",
      "   0.09022459  0.09607193  0.09334468  0.10225637]\n",
      " [ 0.10127506  0.08540838  0.09290478  0.0982801   0.11295881  0.10402803\n",
      "   0.10042951  0.094344    0.09748776  0.1128835 ]\n",
      " [ 0.11358014  0.08974545  0.0978171   0.10046398  0.10114369  0.10056704\n",
      "   0.0948332   0.1005365   0.09165239  0.1096606 ]\n",
      " [ 0.11235157  0.07670382  0.10352605  0.09429337  0.12630056  0.09768408\n",
      "   0.08592486  0.09922165  0.10778519  0.09620885]\n",
      " [ 0.09995557  0.08686638  0.0962662   0.09964749  0.11090683  0.12002277\n",
      "   0.09120541  0.09332335  0.09606057  0.10574544]\n",
      " [ 0.09320215  0.0942226   0.08156677  0.09647523  0.11945148  0.11093388\n",
      "   0.10869493  0.10240647  0.08643739  0.10660907]\n",
      " [ 0.10565829  0.08144819  0.09701367  0.10339677  0.11929561  0.10612226\n",
      "   0.09108993  0.10395566  0.08765372  0.10436581]\n",
      " [ 0.10416424  0.08958562  0.0975926   0.09903459  0.10237933  0.10904425\n",
      "   0.08917943  0.09942017  0.09424303  0.1153567 ]\n",
      " [ 0.10883869  0.08665836  0.11473128  0.09634559  0.09742492  0.10942889\n",
      "   0.09317104  0.10171474  0.08730229  0.10438424]\n",
      " [ 0.0908867   0.09197486  0.10208213  0.09881281  0.09276958  0.10637836\n",
      "   0.10086702  0.10641003  0.10580199  0.1040165 ]\n",
      " [ 0.10145223  0.08799372  0.10492954  0.10375329  0.10245389  0.10512923\n",
      "   0.09584025  0.10030565  0.09468129  0.10346099]\n",
      " [ 0.10170151  0.082016    0.11064322  0.08371491  0.13086621  0.1037062\n",
      "   0.07791492  0.10565193  0.09165749  0.11212751]\n",
      " [ 0.09893452  0.08198205  0.09636739  0.09390883  0.11556376  0.1002116\n",
      "   0.0934336   0.10211962  0.10092288  0.11655578]\n",
      " [ 0.09229691  0.08751379  0.10053597  0.10997926  0.10931917  0.11098137\n",
      "   0.09982526  0.09453245  0.09037718  0.10463855]\n",
      " [ 0.10274031  0.08156181  0.10296788  0.10622486  0.10143599  0.10345016\n",
      "   0.08864703  0.11150385  0.09188756  0.10958054]\n",
      " [ 0.10325368  0.08346669  0.09658086  0.09818745  0.12618387  0.10410041\n",
      "   0.08730494  0.09471252  0.09032165  0.11588798]\n",
      " [ 0.1007183   0.09685782  0.09705143  0.1034041   0.10639524  0.10163942\n",
      "   0.0953882   0.10338896  0.08174241  0.11341417]\n",
      " [ 0.10430456  0.08508959  0.10584176  0.10726079  0.10357948  0.11066382\n",
      "   0.09400886  0.09603552  0.08054848  0.11266705]\n",
      " [ 0.09422071  0.082849    0.10677875  0.10404814  0.09912964  0.10473806\n",
      "   0.09448361  0.10112625  0.09628082  0.116345  ]\n",
      " [ 0.09936728  0.08873072  0.10062252  0.10300484  0.09886879  0.10312677\n",
      "   0.09470202  0.10267566  0.10145193  0.10744943]\n",
      " [ 0.11567782  0.08176362  0.09169936  0.10521811  0.1142538   0.1051054\n",
      "   0.0846418   0.09916271  0.08653113  0.11594627]\n",
      " [ 0.1037049   0.08713776  0.0915436   0.10231118  0.1185558   0.10059875\n",
      "   0.08942232  0.10052577  0.09176989  0.11443009]\n",
      " [ 0.10748921  0.08435825  0.09507338  0.10320125  0.10957539  0.10746619\n",
      "   0.09586792  0.09781708  0.09335534  0.10579602]\n",
      " [ 0.09852352  0.08292499  0.08979942  0.10512943  0.09951175  0.11417654\n",
      "   0.10071614  0.09281198  0.0948088   0.12159737]\n",
      " [ 0.10888506  0.09395798  0.0980555   0.09983023  0.10386404  0.10432415\n",
      "   0.09877795  0.09528444  0.09164263  0.10537805]\n",
      " [ 0.1040275   0.08886129  0.09028381  0.09895394  0.11371616  0.09959996\n",
      "   0.08335994  0.11450671  0.09037228  0.11631847]\n",
      " [ 0.09815335  0.0863743   0.09109636  0.1073366   0.09737029  0.12104694\n",
      "   0.09759022  0.09719974  0.09315795  0.1106742 ]\n",
      " [ 0.10960246  0.08129197  0.08940255  0.10070632  0.12559347  0.10263339\n",
      "   0.09363671  0.10984951  0.08845674  0.09882688]\n",
      " [ 0.10641377  0.08273961  0.10680171  0.09908564  0.11601615  0.10085423\n",
      "   0.09167466  0.10197333  0.0943845   0.10005639]\n",
      " [ 0.1138674   0.09056859  0.10817809  0.09412802  0.1015074   0.09411346\n",
      "   0.08814069  0.11436641  0.09294014  0.10218973]\n",
      " [ 0.11246356  0.0816761   0.1079965   0.09083218  0.12254424  0.09688663\n",
      "   0.08548781  0.10518419  0.09081324  0.10611553]\n",
      " [ 0.11693113  0.08686108  0.09733063  0.08119822  0.12617235  0.10266702\n",
      "   0.08899281  0.10480645  0.08129856  0.11374179]\n",
      " [ 0.11517834  0.08143988  0.10139006  0.08786296  0.11564145  0.10036991\n",
      "   0.09502207  0.1029865   0.08582117  0.1142877 ]\n",
      " [ 0.10191184  0.10395047  0.10461192  0.10579176  0.09951793  0.10164514\n",
      "   0.09987935  0.09820423  0.08838852  0.09609888]\n",
      " [ 0.10082969  0.08523681  0.09975259  0.10331619  0.10233447  0.10599072\n",
      "   0.0933128   0.10586549  0.0951965   0.10816477]\n",
      " [ 0.10431717  0.09068538  0.09683739  0.1009223   0.11308933  0.09763825\n",
      "   0.09596728  0.0978474   0.09677862  0.1059169 ]\n",
      " [ 0.1005112   0.08554936  0.10263965  0.10343228  0.10457678  0.10725788\n",
      "   0.09004813  0.10347933  0.09925254  0.10325284]\n",
      " [ 0.10971382  0.07877766  0.09880006  0.0945736   0.11506893  0.10989498\n",
      "   0.0943177   0.10076315  0.0895175   0.10857268]\n",
      " [ 0.09924256  0.08490301  0.10735359  0.09987021  0.1032562   0.0903883\n",
      "   0.08907335  0.10548172  0.10333268  0.11709835]\n",
      " [ 0.10276987  0.08761249  0.10080109  0.10402386  0.10207453  0.10408777\n",
      "   0.0893025   0.10436519  0.09440735  0.11055537]\n",
      " [ 0.10604005  0.10082363  0.10877506  0.10460521  0.11579644  0.10505488\n",
      "   0.08710201  0.09607119  0.08609655  0.08963499]\n",
      " [ 0.11358131  0.07730445  0.08984283  0.10293487  0.123946    0.09983736\n",
      "   0.10438399  0.09479335  0.08589916  0.10747657]\n",
      " [ 0.09847096  0.08609096  0.0925414   0.10498119  0.11072478  0.11140995\n",
      "   0.08274111  0.10673527  0.08755207  0.11875234]\n",
      " [ 0.10219643  0.09324121  0.09447961  0.08966348  0.12253888  0.10530449\n",
      "   0.09028895  0.11712116  0.07692083  0.108245  ]\n",
      " [ 0.10449499  0.09510828  0.10058315  0.10126065  0.1157842   0.10222959\n",
      "   0.08837672  0.09876233  0.08626838  0.10713172]\n",
      " [ 0.09888835  0.08131795  0.10346475  0.09889241  0.1082441   0.10967211\n",
      "   0.08942593  0.10003883  0.09705784  0.11299778]\n",
      " [ 0.10011525  0.08987877  0.10004722  0.10357646  0.10539234  0.10086557\n",
      "   0.08575392  0.104004    0.08469917  0.12566735]\n",
      " [ 0.10907941  0.08128467  0.09673789  0.10650646  0.11121745  0.10063691\n",
      "   0.0975655   0.0956133   0.09020592  0.11115243]\n",
      " [ 0.10637653  0.08729942  0.10575274  0.10016631  0.10608329  0.10086109\n",
      "   0.09551758  0.0981942   0.09398637  0.10576254]\n",
      " [ 0.09806069  0.08805809  0.10042837  0.09161945  0.11037064  0.0961044\n",
      "   0.09599973  0.10104647  0.09849363  0.11981851]\n",
      " [ 0.10014018  0.08393933  0.08582265  0.08883034  0.12834452  0.12112916\n",
      "   0.10100734  0.09613931  0.09297605  0.10167111]\n",
      " [ 0.09781874  0.0958029   0.09624281  0.10425265  0.12127403  0.10718515\n",
      "   0.08388151  0.09441298  0.09878144  0.10034778]\n",
      " [ 0.08924498  0.07661107  0.09889187  0.10833061  0.12809734  0.10533697\n",
      "   0.10826477  0.0969551   0.07721815  0.11104908]\n",
      " [ 0.10238123  0.08681606  0.09778464  0.10187753  0.10525238  0.10646258\n",
      "   0.09799302  0.09846134  0.09523486  0.10773633]\n",
      " [ 0.0992301   0.08872818  0.0944637   0.10246786  0.11609143  0.10087191\n",
      "   0.08912101  0.10558253  0.10024059  0.10320264]\n",
      " [ 0.10444373  0.07808146  0.09515502  0.09097575  0.10988437  0.09418358\n",
      "   0.10867397  0.10616001  0.08832032  0.12412183]\n",
      " [ 0.10534903  0.08565692  0.09925477  0.09824512  0.11015563  0.10082567\n",
      "   0.09619848  0.10597304  0.08985205  0.10848925]\n",
      " [ 0.10971829  0.09245941  0.09504642  0.08835025  0.12227581  0.11201694\n",
      "   0.0955126   0.10266189  0.08093064  0.10102782]\n",
      " [ 0.10724279  0.10021795  0.08508588  0.09878478  0.11720385  0.11733918\n",
      "   0.08289412  0.09462012  0.09389022  0.1027211 ]\n",
      " [ 0.10260963  0.074293    0.09103005  0.11457105  0.11133039  0.10194416\n",
      "   0.10315455  0.09910685  0.09505808  0.1069023 ]\n",
      " [ 0.09830745  0.08167281  0.09603564  0.09546701  0.12164529  0.10981326\n",
      "   0.08786268  0.11066593  0.08893306  0.10959692]\n",
      " [ 0.09641067  0.10902299  0.091368    0.10658959  0.10792004  0.10799377\n",
      "   0.09270389  0.09798865  0.08684717  0.10315522]\n",
      " [ 0.10478923  0.08341444  0.08778495  0.08972466  0.11650583  0.10605115\n",
      "   0.09570455  0.11328774  0.09496526  0.10777215]\n",
      " [ 0.10158415  0.08538809  0.10263892  0.10188826  0.10063828  0.10895608\n",
      "   0.09127066  0.09679987  0.10694371  0.10389199]\n",
      " [ 0.10431962  0.0991367   0.08956629  0.10836447  0.10721197  0.10662992\n",
      "   0.09482558  0.1018768   0.08318269  0.10488601]\n",
      " [ 0.10054015  0.08011731  0.09809797  0.10658593  0.10064974  0.10896856\n",
      "   0.10198566  0.09529038  0.09195216  0.11581208]\n",
      " [ 0.10947204  0.07937871  0.10305659  0.09120665  0.1039841   0.10180041\n",
      "   0.09828551  0.10672059  0.09545885  0.11063647]\n",
      " [ 0.10016352  0.0904728   0.09521973  0.0990411   0.10520454  0.107977\n",
      "   0.08912734  0.09279573  0.10015573  0.11984257]\n",
      " [ 0.10240621  0.08981176  0.09152318  0.09366807  0.11488257  0.1094652\n",
      "   0.0946157   0.10229047  0.09741049  0.10392632]\n",
      " [ 0.10653467  0.07873026  0.09320562  0.10318304  0.11612698  0.0996662\n",
      "   0.08872696  0.11626779  0.09444713  0.10311143]\n",
      " [ 0.0996217   0.0899552   0.09446907  0.10098223  0.11326357  0.099737\n",
      "   0.09592265  0.10392049  0.10574211  0.09638601]\n",
      " [ 0.12103476  0.08744114  0.09863151  0.10100105  0.12365818  0.10769313\n",
      "   0.07603219  0.09033944  0.09310624  0.10106232]\n",
      " [ 0.10346237  0.09156717  0.09459225  0.10474986  0.11731456  0.10813132\n",
      "   0.09227107  0.09655847  0.08840793  0.10294493]\n",
      " [ 0.12035187  0.08767191  0.09890591  0.10466883  0.10694867  0.10182324\n",
      "   0.08590215  0.10462691  0.08483963  0.10426086]\n",
      " [ 0.10179959  0.09397977  0.09470528  0.09619889  0.1110265   0.09739512\n",
      "   0.10654675  0.09611505  0.09203295  0.11020011]\n",
      " [ 0.1155149   0.0831884   0.10443889  0.09781015  0.11107653  0.10312541\n",
      "   0.08307756  0.10286345  0.08816969  0.11073507]\n",
      " [ 0.10002885  0.10161454  0.0947457   0.09008424  0.11267866  0.10119747\n",
      "   0.08936632  0.10574255  0.09131646  0.11322518]\n",
      " [ 0.09981439  0.08057775  0.09176069  0.09616698  0.10995503  0.11113063\n",
      "   0.09255359  0.10918239  0.09922677  0.10963186]\n",
      " [ 0.09900386  0.0903666   0.09161791  0.10316979  0.12773879  0.10708261\n",
      "   0.08929395  0.0958611   0.0898307   0.10603472]\n",
      " [ 0.10504629  0.08458675  0.10457414  0.09337865  0.1107438   0.10622857\n",
      "   0.09066004  0.11219659  0.09353058  0.09905456]\n",
      " [ 0.09555697  0.09279399  0.09179208  0.09907074  0.11800278  0.0946869\n",
      "   0.09492932  0.10695202  0.09352574  0.11268944]\n",
      " [ 0.10949002  0.08605775  0.08764875  0.10596348  0.11052183  0.1028122\n",
      "   0.09447909  0.09431653  0.10092675  0.10778355]\n",
      " [ 0.1051679   0.08102944  0.09051293  0.09458295  0.1214505   0.09602164\n",
      "   0.07587168  0.12077633  0.08822469  0.12636195]\n",
      " [ 0.10670459  0.08640157  0.10472752  0.09842397  0.11066753  0.1014819\n",
      "   0.09450567  0.10128453  0.08773813  0.10806465]]\n"
     ]
    },
    {
     "name": "stdout",
     "output_type": "stream",
     "text": [
      "INFO:tensorflow:loss = 2.3198, step = 1\n",
      "INFO:tensorflow:probabilidades = [[ 0.11655833  0.09013025  0.08870614  0.09901285  0.11201326  0.10490285\n",
      "   0.08763781  0.10107634  0.09034233  0.1096198 ]\n",
      " [ 0.11136175  0.08344372  0.10284646  0.09307323  0.10044644  0.0921091\n",
      "   0.09762146  0.0980593   0.09863964  0.12239882]\n",
      " [ 0.10032981  0.08388583  0.10576561  0.10111154  0.0977424   0.0995103\n",
      "   0.10100649  0.10178135  0.10678592  0.10208077]\n",
      " [ 0.11124571  0.08463057  0.11148322  0.11154126  0.10540655  0.10063151\n",
      "   0.08768471  0.10076696  0.08980402  0.09680541]\n",
      " [ 0.10323275  0.08376552  0.1060649   0.10181125  0.10608455  0.09692471\n",
      "   0.09787565  0.10168408  0.09372465  0.10883193]\n",
      " [ 0.10871831  0.09311205  0.09659924  0.09252661  0.11042222  0.11262201\n",
      "   0.08891662  0.09334577  0.09390735  0.10982979]\n",
      " [ 0.09849849  0.09490287  0.10154884  0.10131196  0.11058687  0.10445991\n",
      "   0.09647521  0.09818021  0.08906945  0.10496616]\n",
      " [ 0.11015876  0.08329349  0.09096131  0.10802761  0.1008976   0.10613488\n",
      "   0.07944221  0.10052253  0.09717237  0.12338923]\n",
      " [ 0.10050409  0.09028696  0.09236616  0.10896122  0.10605723  0.11550505\n",
      "   0.09043776  0.09882765  0.09546264  0.10159118]\n",
      " [ 0.09319303  0.07180455  0.10779016  0.10162096  0.10216265  0.10248461\n",
      "   0.10242081  0.10238674  0.11038741  0.1057491 ]\n",
      " [ 0.10920752  0.08809265  0.11145086  0.1192734   0.10873795  0.10459737\n",
      "   0.0698158   0.09661751  0.08692569  0.10528129]\n",
      " [ 0.09887394  0.07575394  0.09571566  0.10186374  0.13060842  0.09888671\n",
      "   0.08833323  0.10499666  0.09005608  0.11491166]\n",
      " [ 0.10887349  0.08177495  0.08169419  0.10593207  0.1058291   0.09806654\n",
      "   0.10275929  0.10702117  0.09773272  0.11031642]\n",
      " [ 0.10731766  0.09279072  0.10226791  0.10108686  0.10898752  0.10082809\n",
      "   0.09058782  0.09891209  0.10202714  0.09519421]\n",
      " [ 0.11025125  0.0769362   0.1025567   0.0901099   0.11560192  0.09260525\n",
      "   0.09879126  0.10259438  0.09245709  0.11809608]\n",
      " [ 0.10266861  0.08305445  0.10046969  0.09949284  0.11240659  0.09334355\n",
      "   0.09206032  0.09248065  0.10041833  0.1236049 ]\n",
      " [ 0.10991242  0.07499172  0.09599653  0.11356262  0.12376365  0.0959089\n",
      "   0.08200434  0.10276381  0.08401168  0.1170844 ]\n",
      " [ 0.09339332  0.0899489   0.10804553  0.10217971  0.10461881  0.10437199\n",
      "   0.09370339  0.0975838   0.09892055  0.10723402]\n",
      " [ 0.09927621  0.07972439  0.09735296  0.10190966  0.1105918   0.09882621\n",
      "   0.10164641  0.11636382  0.09155861  0.10274994]\n",
      " [ 0.1240519   0.09509383  0.08554927  0.10021673  0.09640546  0.1031614\n",
      "   0.08364497  0.10344538  0.0818002   0.12663078]\n",
      " [ 0.11198227  0.08538875  0.1015646   0.09432705  0.10834523  0.09454966\n",
      "   0.10228454  0.09847612  0.0985337   0.10454814]\n",
      " [ 0.09969504  0.08569299  0.1056181   0.10306579  0.10083842  0.105645\n",
      "   0.0998773   0.09950539  0.0877815   0.11228045]\n",
      " [ 0.10940726  0.09095018  0.09462713  0.10013717  0.11332681  0.11428933\n",
      "   0.08647686  0.09725823  0.08553925  0.10798771]\n",
      " [ 0.11916453  0.08035614  0.09420341  0.09116425  0.10967457  0.09296416\n",
      "   0.08208862  0.11305305  0.10266743  0.11466385]\n",
      " [ 0.10081093  0.08490758  0.09446039  0.10431667  0.11603741  0.09826464\n",
      "   0.09566209  0.10396808  0.09670065  0.10487154]\n",
      " [ 0.10753024  0.08751483  0.09721976  0.09755827  0.0978373   0.09143271\n",
      "   0.10300273  0.10671018  0.10667089  0.10452305]\n",
      " [ 0.10254297  0.08987717  0.09434511  0.09899807  0.10732786  0.10987817\n",
      "   0.09666996  0.10475761  0.08332101  0.11228205]\n",
      " [ 0.10188937  0.08142268  0.10525175  0.10116833  0.10483257  0.10137516\n",
      "   0.09327912  0.10185308  0.09445689  0.11447106]\n",
      " [ 0.11419964  0.07987979  0.09335713  0.09751596  0.10374608  0.09416004\n",
      "   0.09749904  0.11576494  0.08985883  0.11401854]\n",
      " [ 0.10076977  0.08981227  0.09681754  0.10445705  0.10368396  0.10058816\n",
      "   0.10072216  0.09707484  0.09904201  0.10703224]\n",
      " [ 0.10377571  0.09560298  0.10208589  0.10570186  0.10600957  0.09830718\n",
      "   0.09013736  0.10248689  0.08697828  0.10891429]\n",
      " [ 0.10439414  0.09428193  0.10684042  0.10147408  0.11374928  0.09499836\n",
      "   0.0928038   0.10533161  0.07709296  0.10903339]\n",
      " [ 0.11216467  0.09572716  0.09634802  0.09864713  0.10685224  0.09527875\n",
      "   0.10137626  0.10787868  0.09042864  0.09529849]\n",
      " [ 0.09922384  0.08277442  0.1010913   0.10703297  0.12428002  0.09246542\n",
      "   0.08908635  0.10978581  0.08228876  0.11197108]\n",
      " [ 0.11105929  0.08717332  0.09824526  0.10032545  0.10613535  0.09849891\n",
      "   0.09313798  0.09969492  0.08936913  0.11636041]\n",
      " [ 0.10145007  0.08805206  0.10569746  0.09622785  0.10836583  0.10701923\n",
      "   0.09089521  0.10690529  0.0901604   0.10522661]\n",
      " [ 0.1060935   0.09843811  0.09824724  0.08741534  0.10529573  0.10108951\n",
      "   0.09147801  0.10309342  0.09595901  0.11289006]\n",
      " [ 0.10761136  0.07855629  0.10176969  0.0869367   0.12287792  0.10537609\n",
      "   0.08835005  0.11152205  0.09481683  0.10218311]\n",
      " [ 0.10572977  0.09279408  0.10074299  0.09344308  0.1227898   0.10049818\n",
      "   0.0943324   0.0948937   0.08624411  0.10853194]\n",
      " [ 0.11343868  0.08223461  0.10188478  0.10940804  0.1129093   0.10083311\n",
      "   0.09987175  0.09024499  0.09123897  0.0979358 ]\n",
      " [ 0.10364819  0.09099562  0.10289548  0.10214636  0.09906793  0.10307404\n",
      "   0.10248901  0.10506123  0.08429426  0.10632788]\n",
      " [ 0.10142951  0.07198235  0.10789065  0.10220481  0.11138129  0.08695596\n",
      "   0.09111769  0.10096271  0.10763066  0.11844435]\n",
      " [ 0.12629335  0.07433052  0.09617162  0.08492127  0.1242994   0.10893659\n",
      "   0.08178196  0.09676599  0.09359308  0.11290623]\n",
      " [ 0.10295761  0.08486158  0.10520253  0.09976384  0.10868923  0.09176607\n",
      "   0.08798464  0.10128885  0.09872654  0.11875909]\n",
      " [ 0.10407242  0.08625256  0.10098784  0.10671321  0.11196857  0.10414729\n",
      "   0.08488297  0.11103635  0.09089285  0.09904598]\n",
      " [ 0.09721447  0.08854889  0.09825521  0.10237522  0.12282021  0.09842416\n",
      "   0.09368391  0.1048188   0.08917523  0.1046839 ]\n",
      " [ 0.11042623  0.08316545  0.09426673  0.09992013  0.11769469  0.09322558\n",
      "   0.09015302  0.09930215  0.09295435  0.11889166]\n",
      " [ 0.10022251  0.08524074  0.09765343  0.09718603  0.1116071   0.11031374\n",
      "   0.0938558   0.09821344  0.09566882  0.11003846]\n",
      " [ 0.10383484  0.08476298  0.10288943  0.10408746  0.10557268  0.12423477\n",
      "   0.09103186  0.0809928   0.09193724  0.11065599]\n",
      " [ 0.10369756  0.08704655  0.10111234  0.1039126   0.1109037   0.09924915\n",
      "   0.09670284  0.10415336  0.09293417  0.10028771]\n",
      " [ 0.11842769  0.08536106  0.10812141  0.11163388  0.10775786  0.0919688\n",
      "   0.09991553  0.08808371  0.08578845  0.10294159]\n",
      " [ 0.11747943  0.10007752  0.09671667  0.09482552  0.09503146  0.11703752\n",
      "   0.09039751  0.09462216  0.09081157  0.10300069]\n",
      " [ 0.12309338  0.0876846   0.11217263  0.08044544  0.102951    0.09978654\n",
      "   0.09785817  0.09968887  0.09342558  0.1028938 ]\n",
      " [ 0.10502472  0.08991397  0.09282527  0.10849665  0.1136329   0.09278464\n",
      "   0.08998314  0.10403826  0.09870151  0.10459894]\n",
      " [ 0.09528854  0.08937091  0.09088065  0.09930999  0.12572812  0.10944191\n",
      "   0.09380345  0.09965218  0.08821014  0.10831416]\n",
      " [ 0.10590247  0.08757382  0.09811176  0.10403081  0.10471744  0.09941906\n",
      "   0.08994336  0.1085192   0.09523171  0.10655041]\n",
      " [ 0.10594849  0.09736744  0.08690195  0.09887475  0.09955511  0.1056419\n",
      "   0.09666286  0.11264355  0.08707246  0.10933158]\n",
      " [ 0.12166791  0.0783892   0.10175563  0.09749436  0.11489747  0.10701558\n",
      "   0.08668756  0.09596648  0.10049722  0.09562858]\n",
      " [ 0.11593913  0.09756501  0.09575941  0.09844632  0.11445738  0.09880257\n",
      "   0.09844063  0.10910561  0.0714225   0.10006142]\n",
      " [ 0.10948732  0.08256338  0.106054    0.10119639  0.10684702  0.09575346\n",
      "   0.09894208  0.10208736  0.08551638  0.1115527 ]\n",
      " [ 0.12363854  0.09313913  0.08436507  0.09530187  0.10652485  0.10509545\n",
      "   0.09460525  0.0986693   0.08393168  0.11472884]\n",
      " [ 0.10364629  0.08240394  0.10674967  0.10366259  0.11251631  0.10272445\n",
      "   0.09053387  0.09726267  0.08936647  0.11113378]\n",
      " [ 0.10308417  0.08467522  0.09973291  0.1040751   0.11230849  0.10119123\n",
      "   0.08713224  0.09706911  0.09913348  0.11159807]\n",
      " [ 0.1084692   0.09058783  0.0938191   0.09879506  0.11694109  0.10645511\n",
      "   0.09479782  0.09462918  0.08865974  0.10684589]\n",
      " [ 0.09554199  0.09260714  0.09671298  0.10119914  0.10569627  0.10611209\n",
      "   0.0996061   0.09892645  0.09432977  0.10926805]\n",
      " [ 0.10699884  0.08269449  0.10638323  0.10087156  0.10177279  0.10365979\n",
      "   0.08859278  0.10139834  0.09496509  0.11266308]\n",
      " [ 0.10531517  0.0948666   0.09016     0.11024722  0.1051492   0.09566942\n",
      "   0.09504952  0.11133397  0.08775115  0.1044578 ]\n",
      " [ 0.09642529  0.08978587  0.1056927   0.09837967  0.10425595  0.10954309\n",
      "   0.10094864  0.09623422  0.08914924  0.10958529]\n",
      " [ 0.11243057  0.09530868  0.10170216  0.10176031  0.10802369  0.09585806\n",
      "   0.09339759  0.09654714  0.09331175  0.10166006]\n",
      " [ 0.10083348  0.0865353   0.09804073  0.09921715  0.11001579  0.09658796\n",
      "   0.10594146  0.11195796  0.08873146  0.10213868]\n",
      " [ 0.11974321  0.08313605  0.09898072  0.10052624  0.11832921  0.09233984\n",
